0,0.917573175327928,0.918096020095286,0.949365313449926,0.576082758836992,0.929706035423477,0.920127908370422,0.800152424503622,0.719886853656093,0.992253949971764,0.931322793692214,0.543660282219562,0.90149255224448,0.934773724990656,0.929178181525619,0.725641362485577,0.991057942653874,0.906442180671544,0.90017701850436,0.651086049211823,0.949559974532674,0.994600808983569,0.824368068504353,0.950067108993866,0.752062276436256,0.70401671491785,0.934379481516946,0.953462589245592,0.924194426701365,0.932613232728587,0.936743569259079,0.723439345060323,0.762516062659868,0.954557055941379,0.93561990967733,0.936643269071493,0.835917318863029,0.93357358201029,0.775994318705066,0.822739682278254,0.932057703912064,0.996256070719492,0.879049072991533,0.996164159242474,0.986290288163923,0.99289931846274,0.863829038585029,0.914109280541581,0.842856595049837,0.846332718124168,0.917618951350342,0.998549672913352,0.900847645138055,0.86804961863111,0.829036541596079,0.989053618694754,0.853270282758398,0.912083631979073,0.874944541277079,0.811107105653813,0.89783454501874,0.99849284013819,0.835950391099748,0.89018214002767,0.994706957157937,0.863605411897206,0.914817054881706,0.990950040103931,0.993031273984415,0.862067917408439,0.986275983504846,0.989862156735561,0.997631263945383,0.990711873053069,0.99182324788687,0.992705956605011,0.982770832552925,0.992910505325408,0.991057942653874,0.994524792643465,0.991409446451475,0.99289931846274,0.920183395325011,0.945214608929796,0.994550368147641,0.960093298124872,0.904453109194213,0.988826464946088,0.984847608531429,0.984011151166152,0.984801547257693,0.98551814107594,0.949846409633023,0.872828535851599,0.996974274456213,0.961387456933626,0.966196016966752,0.955105075543604,0.958347015971328,0.894597606775684,0.940082756289903,0.989251444806947,0.986206235898976,0.995264377490907,0.990797350275513,0.889827687291146,0.891302401338302,0.972206349076771,0.97832560024354,0.963044012264773,0.865578422901097,0.983508881315349,0.880319681806477,0.989481300301948,0.939156210909138,0.991089332258263,0.860096553807388,0.96122225320928,0.99455884030142,0.993749938772309,0.906782407890733,0.901044498412155,0.879324495128002,0.920547341209244,0.989544148881412,0.936690202271726,0.968644209675705,0.990783213496671,0.983611844205792,0.968093823702727,0.898941573198163,0.973032302796171,0.983690530006022,0.993610158209353,0.986656184847931,0.988267094817916,0.927708567007237,0.995402274496796,0.898649530082769,0.887466562313649
0.917573175327928,0,0.950789145920377,0.685258187219479,0.908673799223074,0.962427805659204,0.810562887826695,0.955938660239073,0.935985243509948,0.949871380291955,0.726228206149697,0.913576121191741,0.816181026681766,0.762843074226846,0.864284647443901,0.881638324764308,0.927313636922296,0.727247474309048,0.690776600808003,0.938924356574278,0.738548945875996,0.936981468493625,0.897505008051489,0.879505208492085,0.947655514684922,0.930843081689911,0.958908047709919,0.784326806456239,0.80903983495589,0.799022203749489,0.923021399501121,0.936094895598854,0.958267381497875,0.920934471475512,0.814992071484877,0.860073268621494,0.963680350482419,0.91120965222227,0.962279519220784,0.965625409997289,0.948073800205363,0.984574910863587,0.833647739431422,0.987951367321093,0.991950106899162,0.989449591819929,0.790569415042095,0.83016274479229,0.954931554158597,0.960190250897745,0.873124091416762,0.981171378522409,0.797809973707908,0.852012867230258,0.955267733752527,0.988077070018476,0.8941113064091,0.810407781712227,0.830517330430003,0.958034162942189,0.930045785542168,0.981743627393446,0.955229243695915,0.962110168679442,0.981252843489966,0.850219912900924,0.866025403784439,0.985951242788974,0.991163302429076,0.96064778951064,0.980950636343846,0.978118815845216,0.978539863032259,0.972331079732397,0.962220093266834,0.985783040065225,0.974558628915209,0.983088711477325,0.962795235073161,0.96297745632769,0.98824871060816,0.976281209488332,0.935414346693485,0.960995706481228,0.96334028375081,0.942809041582063,0.946692355041668,0.921427371309268,0.945483682534709,0.97042891726523,0.953176650540933,0.945434373103789,0.936666897752279,0.973032302796171,0.955428718794473,0.941170797005412,0.911478295367931,0.916110317796953,0.933923962274526,0.94598652788975,0.927741242112646,0.956066158798647,0.949638188375843,0.944033897696476,0.94053994312596,0.9757171659892,0.930244872029113,0.96041036005527,0.930402523084408,0.957027763794125,0.981816665148827,0.946864152947999,0.944460486255607,0.977954676269411,0.949638188375843,0.967523765300742,0.937022971005925,0.954468730797076,0.973781094231397,0.92880922000386,0.956317274044384,0.982510018371173,0.935414346693485,0.929749327400796,0.945279441957935,0.95943146917232,0.947761147319745,0.926049008194834,0.933393896134859,0.918558653543692,0.923548145182799,0.904135121240358,0.961068517126005,0.971995946186498,0.959289495814434,0.957287163721716,0.937605715432633,0.951461771752071,0.952446181719228,0.941651182041675
0.918096020095286,0.950789145920377,0,0.955804293769429,0.900516838305037,0.554915823131809,0.966430941167005,0.852564174500542,0.876397335206256,0.988684218456833,0.936393530827066,0.883535738330779,0.947456816221537,0.925938423001327,0.947393010750856,0.924416277737175,0.985947779172819,0.952622163706126,0.917662935482247,0.862985947014634,0.952959878547089,0.978118815845216,0.93380295127357,0.965467087389611,0.876260331084415,0.919688773383065,0.788895744359341,0.975160474454308,0.925933551166859,0.932122555792098,0.964822446329467,0.892627372272996,0.898656925452044,0.963141266821894,0.948525486638285,0.938016628321588,0.831490650558812,0.945777676224194,0.84490745832824,0.888931426581297,0.745155060836352,0.999247837426483,0.889756521002609,1,0.993291016314272,0.995330713789977,0.884724869797439,0.894269485419743,0.759175411475649,0.748934079635249,0.86646400872711,0.999260081289737,0.907627977893755,0.933537292197366,0.756368311906186,0.990726229358273,0.796180340063188,0.877120843562638,0.902608097822201,0.777885020491528,0.702432502241303,0.999288509337176,0.789627700097904,0.730229319922884,0.997781882666077,0.887190197633299,0.893750363668028,0.997010456688529,0.991938307476537,0.72200569064756,0.979854050414632,0.98058067569092,1,1,0.999235181532472,0.972387301980517,0.979488895414645,0.974117605573912,1,0.999265515875934,0.976243639258402,0.999213527208261,0.957992128229099,0.965686967732346,1,0.939336436627724,0.963402155164109,0.999274047091252,0.996965091635306,1,0.999251216667749,1,0.997005981304201,0.884541862776698,0.997045783795935,0.985888635282881,0.941081605687551,0.975937491712487,0.989728267655128,0.955871579340277,0.969420399189199,1,1,0.996104387217164,0.998426434902417,0.862840305079964,0.973485705393074,0.993788759783088,0.952564084956894,0.945577943407535,0.853418830013707,0.99849284013819,0.942307413963908,1,0.982141420525326,1,0.956803417306621,0.987135294792747,1,0.992441312640775,0.93201755156108,0.88503452982365,0.937197033142845,0.952230636494599,0.995692729440824,0.934495822755828,0.988112504732565,1,0.996110448115429,0.944021435449553,0.965452622054598,0.968672282657776,1,0.998562184734436,0.998545453775547,0.999250093632814,0.97941188930032,0.99224193091153,0.949587314912507,0.939199696480464
0.949365313449926,0.685258187219479,0.955804293769429,0,0.948442607117286,0.96760894545275,0.829215361754439,0.952139350654983,0.941790938947949,0.969953591079157,0.610367937893074,0.930598233339944,0.702781928498727,0.610536232354775,0.750443805778727,0.925124778533067,0.955751818445321,0.758526412750789,0.721283038192221,0.959230362251333,0.650944554904119,0.945860211504991,0.924602395576262,0.865353805851876,0.952693357503392,0.966039424637771,0.945948976556367,0.808398894067665,0.77856202904021,0.754425206820931,0.872612970637319,0.964503531519994,0.976115956166072,0.882868163064834,0.851810656982429,0.792683074559381,0.974272215146439,0.880471099922175,0.978611389052722,0.969458417911852,0.953533528763509,0.974639293656199,0.828579714033384,0.976122855755441,0.993779099812834,0.987789529879623,0.845283276064239,0.832323366315769,0.972073832706078,0.961203955192789,0.857253591961114,0.975863712357863,0.830813801237705,0.86351352520667,0.973981767480113,0.988321903915174,0.927593363415651,0.794209815331711,0.897043755900458,0.973117607648291,0.918790232686043,0.974058979815554,0.968042828721433,0.964901281354015,0.971782332755458,0.855102333057278,0.858585766178845,0.985654220748108,0.985792490261414,0.977489077515124,0.986836437230686,0.98439841917692,0.97182531580755,0.979236493186932,0.972508881564016,0.981070843517429,0.979313595387216,0.981278763588327,0.97852510487985,0.968509054128159,0.980211735811168,0.984039294608367,0.92429688652842,0.93889470773585,0.963387261683712,0.932025153134801,0.957358570793026,0.940324691963255,0.93459917063739,0.976430309376109,0.967417922046845,0.9338094023943,0.953678280366833,0.986206235898976,0.958792214825904,0.881722355512324,0.909369301658786,0.881155517100824,0.892891985382877,0.925934731123176,0.89926061639732,0.971736819216208,0.968294959904239,0.957909768818597,0.951630180269626,0.986373322240148,0.935938652741432,0.922743097448981,0.935834474424838,0.964618956602864,0.982474833053286,0.934804890001556,0.952705572382102,0.976540909730425,0.949413897541202,0.96593422101626,0.94678212720583,0.898895631089981,0.972194060011982,0.930376267969041,0.95889150252591,0.985783040065225,0.951227542104415,0.926162932629987,0.888020409063655,0.946949637004774,0.889907570408842,0.939574695715038,0.868796692159732,0.90483761958971,0.95141934853061,0.915757810790677,0.974829419776003,0.974718237730886,0.940940769883182,0.93787779974537,0.939990473117807,0.95634526887099,0.944971558305534,0.953462589245592
0.576082758836992,0.908673799223074,0.900516838305037,0.948442607117286,0,0.914098181706813,0.919627253681776,0.718227083931133,0.640850349288226,0.995430288351005,0.947685451350606,0.620651280774201,0.910857980906092,0.933053179242275,0.921472965439303,0.75111576618868,0.993993939667546,0.906216889204416,0.900016886028689,0.661782596008358,0.941396592786579,0.995686536326905,0.829610156668898,0.946578784893997,0.733437819097678,0.715605364993044,0.930002447378082,0.960942456458386,0.924129102744928,0.927851151792608,0.93817776289619,0.710139418895572,0.752772652709081,0.936111117253186,0.943498986088291,0.950310416464246,0.795726791261807,0.933699561847853,0.764645903591482,0.804864981165566,0.905584718294411,0.996472652148002,0.883715101688537,0.996256070719492,0.985974059900491,0.986490669904135,0.861301203186943,0.898998955240046,0.778936180334248,0.812276932106895,0.907532456912619,0.997979115482601,0.872911149648933,0.869844966192602,0.814373837849965,0.993350498841842,0.821250604106034,0.906127927539937,0.892516699980429,0.802793911000881,0.877182064003118,0.998553867645404,0.804399666539844,0.848836861515361,0.997745205699078,0.867742006863901,0.90930733354561,0.991189255566704,0.993874368087831,0.821769358183171,0.989544148881412,0.988776299993366,0.998495108251917,0.997811015251603,0.995519021518757,0.985228139470001,0.984708579399481,0.984993789806538,0.993759689448737,0.996789718842316,0.988518563190236,0.997785157856609,0.927781463014741,0.938730775895443,0.990294656496983,0.95020974038611,0.898998955240046,0.990175200343001,0.981279842036927,0.987212711989923,0.984993789806538,0.993031273984415,0.968107703184071,0.843409868442128,0.998562184734436,0.960945778593241,0.955898891127341,0.967350207193684,0.971358020587917,0.902761304868724,0.933580672236134,0.988182746004369,0.992123042389947,0.991137195940335,0.982377474387216,0.895231170659771,0.897527467855751,0.979439801918115,0.973807644966082,0.953121518732356,0.856753608637757,0.982351554821122,0.888811617720065,0.997032634407758,0.957055074671472,0.994847223714059,0.869356283016813,0.970830235646161,0.999238675184652,0.989758325522105,0.88812949672568,0.918953078919221,0.874271384166384,0.906272387248556,0.987800045606325,0.924194426701365,0.976604948499405,0.985971988680887,0.993168800488234,0.957551797098243,0.914087280053473,0.969384280021572,0.987460319010307,0.997839392506334,0.990202702863237,0.99196187183147,0.939008267773031,0.997037030524286,0.888888888888889,0.881001016286403
0.929706035423477,0.962427805659204,0.554915823131809,0.96760894545275,0.914098181706813,0,0.980152380987942,0.86793085252093,0.891882585015845,0.993031273984415,0.949967907031729,0.920574617898323,0.968953803519152,0.942809041582063,0.94694592603081,0.943851395733003,0.991669676915973,0.966091783079296,0.93421330060001,0.910444152363159,0.963624111659432,0.983404616370308,0.928100596116016,0.979795897113271,0.895085584310271,0.927442923278759,0.720382146723379,0.979559887017805,0.931340268531234,0.947859430506444,0.9582039250101,0.909189412057193,0.918656973977856,0.96289270805374,0.967575206594004,0.945679090965551,0.852802865422442,0.954162378396124,0.882294233106199,0.896600365585952,0.730564398377003,0.997748590014319,0.929918384289099,0.995323435009916,0.993199770002254,0.994892341648161,0.905243750620614,0.906562897666317,0.78767884077483,0.755349023458205,0.871079000983377,0.997801389791568,0.925820099772552,0.951661902861773,0.773507987509872,0.991369002944918,0.848528137423857,0.890425259556995,0.923807445001251,0.838836942685153,0.780986401313201,0.9963911827435,0.79675768230644,0.718021974284601,0.997804607670119,0.927230336842457,0.891108340256152,0.996244823387272,0.991150268438419,0.748579666453654,0.980093843264939,0.981222512505507,0.999230473144979,1,1,0.974641658404511,0.975466418407642,0.959472894507249,0.999256781762806,1,0.968791034015244,0.999190610956015,0.973649863381902,0.966040589915861,1,0.956138684204312,0.979982578242357,0.998517419496043,0.996048977043182,1,1,0.998465079678515,1,0.902366049544189,0.997728130348015,0.986773848324542,0.961352303127664,0.976432624187596,0.989353308855241,0.977606406338607,0.972087510690456,1,1,0.99766081550983,0.99922330085369,0.858439633667483,0.975753969186512,0.993291016314272,0.963186697151348,0.965668337175509,0.86790875230188,0.998517419496043,0.959437455602955,1,0.978945010372561,1,0.969856062890801,0.987420882906575,0.999189298610153,0.996222124764496,0.940848752256364,0.859261878564817,0.966504907657973,0.966241136374318,0.997839392506334,0.938147854047872,0.981902232536987,1,0.996042722901574,0.954538934938357,0.981536873554092,0.969958464764724,1,0.996250455487916,0.997873092239338,0.99693250811046,0.979827252087026,0.987308182925279,0.960050297757947,0.964014163936753
0.920127908370422,0.810562887826695,0.966430941167005,0.829215361754439,0.919627253681776,0.980152380987942,0,0.947699775087859,0.928141036229155,0.947075553743879,0.858170617184672,0.91358271948161,0.677417058723742,0.852879332839356,0.793837209251934,0.89712939410827,0.941146469237315,0.634232096016466,0.830325835915528,0.955435577554627,0.806837246874396,0.90757887919746,0.920122691205453,0.680114009618457,0.950972042747292,0.939974294299949,0.990589729165096,0.850210058078086,0.890592365734606,0.873924726698256,0.842013753568365,0.936087064757203,0.966295021071042,0.83306486646738,0.883689803172817,0.873378896971079,0.97182531580755,0.82369052240278,0.964156471299874,0.972577211715624,0.968198855992543,0.975396901957131,0.892586975995053,0.963731845363347,0.988941790553235,0.980439979704015,0.895941316925106,0.886288466796681,0.962897122410976,0.981621711053465,0.936467622949564,0.972495655818837,0.877446012256469,0.795152464537755,0.980034959187614,0.987212711989923,0.961352303127664,0.906207548640002,0.913410929772148,0.958363990591017,0.955705948596309,0.971243508852632,0.970796602366051,0.976109471099843,0.970538431802278,0.824077956028397,0.946971574146705,0.983505502041667,0.991694835428995,0.970668085285546,0.994350237273667,0.99854333498783,0.978720969859186,0.982716687162386,0.971688544951084,0.994236263232456,0.990936368904707,0.999285459001295,0.973901867995358,0.973494893511161,0.992441312640775,0.982840949167741,0.901487723307298,0.927074676399535,0.956374138922034,0.965686967732346,0.922306538331671,0.933941484267212,0.94341365556854,0.970558979570241,0.962851667357612,0.933032776386927,0.921744217828772,0.978459012720421,0.976315261256169,0.882955375374401,0.943967229360162,0.919368313157515,0.907841299003204,0.923274352555057,0.866230113727916,0.958267381497875,0.950708238023714,0.968682540702399,0.926962382871743,0.979102172153402,0.918630424349251,0.913544883441442,0.979669496300372,0.98484213969276,0.971702633825643,0.889432757323625,0.948978516137028,0.976212811323153,0.960464679837736,0.966808202742513,0.930949336251263,0.920504342344353,0.963511109711032,0.954774425138499,0.955660354564692,0.989543107560168,0.949144159529264,0.887601220396743,0.895815934132288,0.956138684204312,0.928617145721686,0.936360260927185,0.920056823935629,0.961750448382492,0.920117677991997,0.950931641468099,0.944274571082464,0.989667619488049,0.953604252211866,0.943865410587462,0.905139275710504,0.980753196703725,0.902761304868724,0.932606015281645
0.800152424503622,0.955938660239073,0.852564174500542,0.952139350654983,0.718227083931133,0.86793085252093,0.947699775087859,0,0.620448025391643,0.999267667422829,0.93561259070264,0.778265476186814,0.925024379728872,0.932367866495212,0.927612589543215,0.834321652237424,0.99849284013819,0.94138302059531,0.933444068735436,0.738284753792467,0.947907913124849,0.996222124764496,0.831370236770739,0.964653075232519,0.707106781186548,0.830907321392817,0.926818647716691,0.977862305882345,0.913934881668289,0.939383029541452,0.944548222255188,0.802538345881472,0.809270805365567,0.947907913124849,0.965677861987854,0.942300925651014,0.693888666488711,0.934743076892864,0.805952924991313,0.781381051775752,0.835029359701708,0.995359603731606,0.9139256619698,0.997105637923681,0.994854798642109,0.98645535651827,0.908295106229247,0.883684828660363,0.774596669241483,0.725476250110012,0.892718637021484,0.997854842005733,0.916483094687923,0.90248525639428,0.815289637797966,0.984226140407609,0.846518307674209,0.904465287084228,0.923936435359796,0.811479657356373,0.80363756341608,1,0.778356869346185,0.763603548321212,0.997071736026865,0.894944649643723,0.882194566996521,0.980434527590296,0.986033860332711,0.807373427759331,0.990147542976674,0.991366744914634,1,0.998549672913352,0.999231655668348,0.98069178335381,0.987289202960469,0.978399180940457,1,1,0.978392512439127,1,0.928141036229155,0.917882152163304,0.999243284038434,0.932754298322852,0.940255481740369,0.998499624061209,0.982789586289904,0.998572447523426,0.995485304256668,0.99234877818284,0.990395048928041,0.840587191400931,0.995571933965376,0.961750448382492,0.955066630869128,0.95749294424311,0.955081830586336,0.923802327450626,0.92746952224496,0.998536941425711,0.99923983265335,0.993270951608117,0.995457962895088,0.873390592678447,0.938083151964686,0.968197735712929,0.959887309947757,0.958866236985981,0.830331393410255,0.989320822807274,0.897037766084945,1,0.951016368399613,0.997811015251603,0.916294371761905,0.94689104905938,0.997717760432921,0.995388138372298,0.867060205687554,0.918901737651101,0.909717652294684,0.910371890173058,0.99060333334225,0.888479696357474,0.959447617191753,1,0.988376203305402,0.934073250166291,0.92650972377862,0.96661840714843,0.999260081289737,1,0.993704029751701,0.987927122818278,0.95217937890938,0.990409221405146,0.893376777025069,0.917233539110657
0.719886853656093,0.935985243509948,0.876397335206256,0.941790938947949,0.640850349288226,0.891882585015845,0.928141036229155,0.620448025391643,0,0.997724684196269,0.923955183879706,0.683130051063973,0.894089862234006,0.923502649079656,0.89027669440045,0.807884446752971,0.998506347187205,0.915379969901372,0.903849558392186,0.748658831472525,0.938019125540562,0.992441312640775,0.7644079582443,0.947119781989193,0.650699934397013,0.766520886326725,0.927114871379391,0.968153881013725,0.899735410842437,0.9198662110078,0.922789583949937,0.751853827673574,0.819213715162967,0.939381879961808,0.964793795413908,0.91631703780243,0.750443805778727,0.928395715549766,0.799151467399396,0.727549043620205,0.877762972708071,0.994108932537258,0.883226558163908,0.994236263232456,0.993250766524644,0.991694835428995,0.901947639714788,0.860600956171726,0.806662398622939,0.762976123375757,0.874276473427152,0.995642680797728,0.904378922005539,0.892769307848919,0.827401367690321,0.986695637944309,0.877869734445419,0.874826482902093,0.919341223115133,0.831982213472505,0.85657413425076,0.997063136095555,0.829589290435091,0.805906034276003,0.991304182722933,0.875056152735498,0.880300389031366,0.990867388613725,0.987364784228411,0.827077971544698,0.986135775700254,0.991278903218094,0.995539011213857,0.997741811193914,0.997631263945383,0.986927542439654,0.986937587452579,0.98413197393893,0.999226903633956,0.99924213706431,0.986434940690753,0.997778597774834,0.925937166233128,0.930897963608989,0.997058817159341,0.936296952029032,0.933310871248127,0.996913572885219,0.973901867995358,0.996092208576856,0.995565388348689,0.984344914774594,0.978085742143069,0.872044586280862,0.993408935871131,0.949458049750116,0.965083862321751,0.945434373103789,0.955499529582536,0.908624096999624,0.916578572229226,0.999265515875934,0.995584967399958,0.995301461869719,0.991057942653874,0.893254830167051,0.932033727226042,0.960768922830523,0.955288797755194,0.956728000611085,0.870537051385384,0.984590757748948,0.91535600400077,0.997791679306917,0.924328598550358,0.991818382418729,0.915681622654702,0.94853007454987,0.993680821392438,0.991719842433871,0.869324560126823,0.904035648222895,0.905385360071127,0.907205369656625,0.982831341995416,0.881457843591601,0.951117383637082,0.995705062470093,0.977985918332394,0.936489816901172,0.943073244765499,0.958829932109797,0.998545453775547,1,0.9831428011443,0.980877776341789,0.942092348934526,0.988286565116079,0.907031457733864,0.916420667503107
0.992253949971764,0.949871380291955,0.988684218456833,0.969953591079157,0.995430288351005,0.993031273984415,0.947075553743879,0.999267667422829,0.997724684196269,0,0.979444446663595,0.99362034955314,0.974412613098084,0.970353304454581,0.980054976725691,0.990175200343001,0.577350269189626,0.961538461538462,0.969175924528611,0.996457658014124,0.961963166825195,0.759125277171481,0.993350498841842,0.962110168679442,0.997755328258018,0.990670768433475,0.999284436402108,0.930897963608989,0.986616497054438,0.970275654783975,0.972248050751118,0.998588566692466,0.995330713789977,0.982855872303961,0.948055654384026,0.974140107453209,0.999250093632814,0.979226222139851,0.999288509337176,0.997781882666077,0.998547566408462,0.926166524517986,0.989273912220329,0.926155967768281,0.968625466378851,0.962250448649376,0.970592870393882,0.983469935866927,0.998578535173419,1,0.986078207047872,0.911058905127379,0.97995170468317,0.980123155229438,0.997054485501582,0.960464679837736,0.985100266577605,0.987455949436511,0.976732273818215,0.998547566408462,0.992758775116083,0.886163238509297,0.996987944965241,1,0.935985243509948,0.984506624807521,0.992630702823542,0.963195548546547,0.971544655809922,0.999248967224134,0.986773848324542,0.986135775700254,0.90641558095462,0.880860167192467,0.857518714585671,0.997731566076577,0.984566975191155,0.98952850725316,0.842075358320684,0.877186799576324,0.992418389500482,0.856176586974087,0.986675940602945,0.995591455387729,0.880020505571071,0.983043370867149,0.990177321402358,0.852957344703742,0.95136699025226,0.836480543527284,0.87579659006584,0.912590864456559,0.933230883171811,0.998469777221356,0.889924472477575,0.979195347932048,0.986393923832144,0.972804570936002,0.979348807928636,0.995741641406341,0.985431063121764,0.872027962060361,0.861915150854611,0.911760380188489,0.891006806803962,1,0.987476485625481,0.980522479265118,0.979573652776076,0.978976631575482,1,0.929393595356575,0.997194945386127,0.85235421855294,0.967698650389728,0.863663023824767,0.99137914948104,0.981367343026181,0.904767733267931,0.923405962417707,0.99922330085369,0.99930915363084,0.994567286153786,0.990202702863237,0.935603606047307,0.999252336344073,0.983338203767405,0.854076656820079,0.948046170176062,0.985713551531964,0.981636336994365,0.971227873410536,0.853984742737481,0.845666314305776,0.930090031269482,0.94317047883574,0.975824885146661,0.927074676399535,0.996983401875105,0.991554551265111
0.931322793692214,0.726228206149697,0.936393530827066,0.610367937893074,0.947685451350606,0.949967907031729,0.858170617184672,0.93561259070264,0.923955183879706,0.979444446663595,0,0.924628720949624,0.763071740410204,0.537034260640277,0.702526696266413,0.896377961454687,0.969781516876967,0.789861125144747,0.634682059471055,0.95388500494493,0.700345031051339,0.960768922830523,0.863364797177957,0.873862897505303,0.93561259070264,0.949836712820629,0.94496897348869,0.831305487805558,0.67700320038633,0.739354343002856,0.832185642088936,0.957490637639806,0.969535971483266,0.849314587479268,0.833615771346301,0.71590391074894,0.952424147199324,0.855927599532473,0.965876450014528,0.943680318952715,0.92657618001271,0.978444143104996,0.828701989832176,0.976767154481596,0.996272815954307,0.990895106347023,0.827884809878141,0.811822835716367,0.965695681470568,0.949073622402783,0.819607055356919,0.975182235357506,0.814354746222192,0.852425301820714,0.96322550808016,0.988165263625116,0.931361991119157,0.732236445942127,0.874835655030637,0.958190302064658,0.913401513892656,0.968107703184071,0.963966166019726,0.941741911594837,0.968730322865161,0.847505901967632,0.803189132119507,0.986434940690753,0.981390260629184,0.956432997730443,0.990521113087297,0.989758325522105,0.967279040667671,0.979318297330025,0.978196815362156,0.980297229905062,0.988447821828646,0.985271654884138,0.982711962778705,0.974451074268192,0.976413569470753,0.985747489577096,0.913563284928332,0.917621373719709,0.970753888682364,0.939336436627724,0.968791034015244,0.952976004580452,0.928253271116426,0.981838204482239,0.982554595854391,0.937980646019784,0.964716780240033,0.978019293843651,0.965443382521985,0.87655309236863,0.91874976114038,0.874376854520367,0.889649598389593,0.927702637652845,0.878938102963571,0.979982578242357,0.978675588319743,0.97272942365571,0.970189356746588,0.975936324135297,0.944519021816191,0.918810997894361,0.933387444318875,0.962835225639633,0.978912117372858,0.942452928616921,0.953931829483843,0.978697520794501,0.958053983426039,0.981677837532236,0.954185731245068,0.87513486228714,0.976281209488332,0.948361873918621,0.940837083986729,0.979005986735034,0.937928645968091,0.924927742842525,0.916797273872098,0.936005445865709,0.878625128393453,0.948683298050514,0.878888969343362,0.921637241369055,0.952764337530374,0.893765387586327,0.973407348384638,0.984035462702033,0.949871380291955,0.935919621049293,0.925820099772552,0.957754265499615,0.938956253899766,0.968570852546616
0.543660282219562,0.913576121191741,0.883535738330779,0.930598233339944,0.620651280774201,0.920574617898323,0.91358271948161,0.778265476186814,0.683130051063973,0.99362034955314,0.924628720949624,0,0.891395527956668,0.915312853098665,0.88412634239286,0.699543924373345,0.991928843003365,0.897170839134294,0.890563556561721,0.732293504296635,0.928177616407896,0.994658489077259,0.797006979760004,0.943253993724245,0.730296743340221,0.724807299990705,0.926676944101966,0.95717107697017,0.906267797795619,0.909747081090561,0.926818647716691,0.716279858461398,0.774010519578093,0.938860461711616,0.922371525346067,0.933699561847853,0.817133225532,0.933514823268267,0.792593923901217,0.819300813273104,0.910166120476864,0.998438718798008,0.840694306685393,0.998438718798008,0.986675940602945,0.992976893195359,0.841666190918793,0.898054312381838,0.819201712295408,0.847818962091084,0.900654344204334,0.999265515875934,0.888194172964949,0.851898993556995,0.819016638095704,0.990550969193677,0.842200881964271,0.902822661100423,0.849119034527102,0.778817935752112,0.874986409983614,0.99854333498783,0.811361331363128,0.855376681217504,0.997721227573836,0.824739234664391,0.88431453404428,0.991793967963386,0.997627517416751,0.832334270555783,0.989497083175054,0.991694835428995,0.996904017337485,0.994524792643465,0.996870101868844,0.991567499906199,0.985564599413876,0.991631652042901,0.996913572885219,0.996164159242474,0.994455402812642,0.995985531765989,0.928204459111951,0.941832359165411,0.995330713789977,0.951971638232989,0.894595048220311,0.990465495517244,0.981218985586,0.987327106289914,0.987260626331162,0.992619825334483,0.966200964498312,0.865099668187103,0.997638721616159,0.958411204128528,0.958166719382865,0.962020972595639,0.959633014432111,0.912180145172321,0.945447751028718,0.990990807358503,0.991769407360929,0.99333325900986,0.982904723213422,0.883723241389294,0.900654344204334,0.974404439773931,0.962581165408923,0.965192256084357,0.859482214719627,0.980730371238039,0.887065525145487,0.992406875711345,0.936826293680809,0.993911663346989,0.886997579411778,0.9577797123084,0.997593257641764,0.987691838680324,0.900220835971274,0.910959155497467,0.873971742607239,0.906894850633866,0.988674606469428,0.925691718700067,0.965721845565032,0.986629363033556,0.986306240475036,0.950769906251847,0.908274159188524,0.97693526690527,0.984300437887194,0.994666628638792,0.991110934737253,0.991606108680275,0.929439279561726,0.995188424369978,0.904148584347002,0.883856237743706
0.90149255224448,0.816181026681766,0.947456816221537,0.702781928498727,0.910857980906092,0.968953803519152,0.677417058723742,0.925024379728872,0.894089862234006,0.974412613098084,0.763071740410204,0.891395527956668,0,0.728411432360682,0.576518950876226,0.892516699980429,0.96890428330361,0.552966753873355,0.744888538084242,0.932504808240314,0.754682794330549,0.939952037917615,0.863224468409811,0.728997342758191,0.911684611677104,0.924146223697617,0.957362248012487,0.842837255802953,0.830136799368728,0.771539541696842,0.78251824372478,0.936200079168601,0.952887174232866,0.796220942430835,0.868677861461811,0.821495886374046,0.942258174435075,0.769764453214641,0.952752903557945,0.931655403350298,0.949165230160872,0.982092751647983,0.838618522991316,0.976196204065332,0.989682848574463,0.988725682551193,0.862229803031739,0.849884864910616,0.936266919569869,0.95353592970101,0.900381598490753,0.977183308312782,0.86469203054747,0.753915816090072,0.960707238202497,0.989918315622526,0.934852704885605,0.850300748933202,0.885771525264023,0.95088990780556,0.941032501391264,0.97988300169602,0.952976004580452,0.961074462327142,0.977985918332394,0.783194877494703,0.891577354827229,0.985867641920316,0.989222164150168,0.95303936102799,0.992641548295133,0.999264435354679,0.972722129288305,0.979854050414632,0.975456381144309,0.994020873158214,0.995649000392525,1,0.974444089932136,0.971565434718318,0.990162454724975,0.988759478090682,0.883857517703271,0.898624129219247,0.958944791846121,0.970894257329154,0.924037961258169,0.946729262406257,0.947803146359444,0.972639186187122,0.980325946325487,0.925209521258751,0.942344214338121,0.96652432923174,0.982528089055541,0.851195462820024,0.929250099341634,0.882598383900796,0.843613875098061,0.894099741898332,0.845889917935899,0.966957799246881,0.967758178078941,0.970436794858652,0.947884406710464,0.972237088766076,0.90364154803621,0.877917459022608,0.969296076398192,0.981823275974326,0.966694272556679,0.895105558326102,0.929659038560826,0.977783516971219,0.949481517205654,0.971867042061441,0.902948124376653,0.867348590810898,0.975643223339413,0.964301845264483,0.923299663978898,0.9775881905793,0.898111225620138,0.859618732457932,0.893487172672945,0.910890422734317,0.877674484077098,0.949005595765961,0.88820381064539,0.950867385063296,0.898881366596014,0.94776358547556,0.96289270805374,0.991769407360929,0.944380184345409,0.934994030183074,0.884762922971037,0.981006305751776,0.897453423598078,0.931609116161333
0.934773724990656,0.762843074226846,0.925938423001327,0.610536232354775,0.933053179242275,0.942809041582063,0.852879332839356,0.932367866495212,0.923502649079656,0.970353304454581,0.537034260640277,0.915312853098665,0.728411432360682,0,0.746770523241666,0.883595348980935,0.964793795413908,0.786245393106896,0.584445469616437,0.932936423541481,0.671877987357352,0.947965414256408,0.879459364296483,0.869090990021281,0.914794789958701,0.945905302926917,0.931521635894484,0.819993370293169,0.745681404430954,0.674832617048749,0.829759439718547,0.936559051604786,0.960298534100819,0.841413814943163,0.798935461936961,0.720120511624965,0.955327484378859,0.852339930692542,0.95941194556667,0.950795173167203,0.929285980305679,0.978430246261547,0.799051916344975,0.973941878995415,0.994625680858367,0.988130143220519,0.802585910756066,0.819178021909125,0.948683298050514,0.948831333207544,0.854193594794899,0.970519816228884,0.812567461123937,0.838608427667818,0.957551797098243,0.991541562795218,0.925055906410989,0.777613783051899,0.84452612067316,0.954383022657881,0.910739295374885,0.974420314594759,0.945905302926917,0.951661902861773,0.974754649932988,0.834955941524974,0.831721926870011,0.988059273321413,0.989118283298301,0.958190302064658,0.984993789806538,0.990087441149979,0.976627000477968,0.987914963939699,0.983294192945081,0.980196058819607,0.991449512694878,0.98984745279158,0.985632523545906,0.985569228857649,0.97952001483352,0.984011151166152,0.927982834863915,0.943321298637833,0.970407626772958,0.95053078431465,0.958646501722505,0.955334368406431,0.946534522249429,0.980730371238039,0.977749420964937,0.940045637511408,0.958980113006968,0.971454035826165,0.9708391914381,0.899775084339859,0.914680939658221,0.890396403516818,0.904760026000086,0.934227523191625,0.90995419860047,0.980838312679739,0.981417927668004,0.966196016966752,0.970681318570736,0.97724472722755,0.940627193078354,0.927172649945531,0.944854086466789,0.969923422279669,0.974002234035507,0.945946517946345,0.956663304597063,0.983858074284492,0.955050371509907,0.980325946325487,0.939611458280998,0.915810939779251,0.975606082861143,0.964327230404322,0.946376058747164,0.970946667004732,0.928503641921996,0.910000903430948,0.903147214548431,0.942023039743406,0.893227881900579,0.951925661480976,0.887411967464942,0.912603185826161,0.946810278853167,0.933387444318875,0.980054976725691,0.98105171243032,0.960119215803211,0.945821501792496,0.918607392495444,0.964178779357269,0.939336436627724,0.953754569834046
0.929178181525619,0.864284647443901,0.947393010750856,0.750443805778727,0.921472965439303,0.94694592603081,0.793837209251934,0.927612589543215,0.89027669440045,0.980054976725691,0.702526696266413,0.88412634239286,0.576518950876226,0.746770523241666,0,0.901881540663913,0.978753267150592,0.675079955486003,0.770307402259581,0.945703973655981,0.795545601897825,0.971953482681277,0.801399637702903,0.81319759135197,0.902028691907404,0.932538206811562,0.959734540054937,0.87247672147882,0.75843341101118,0.81087264774874,0.78347485794117,0.929486728378245,0.951872158464889,0.770493311043719,0.887674273619465,0.800259987471754,0.933468232065586,0.769870592974564,0.961164080311305,0.92301425084479,0.930289790057066,0.964395937263074,0.865812803952149,0.967128918947553,0.994854798642109,0.993522781789126,0.874722998990579,0.876074770097348,0.95143753367255,0.947002298606508,0.835682671526014,0.966633052361268,0.876214288453424,0.803932097992,0.959289495814434,0.986957631235333,0.941269892745439,0.810570659096682,0.90488685741318,0.950232169772518,0.932706918882771,0.966042771498051,0.956355842680554,0.931744679699406,0.960535130657009,0.824726416067988,0.829101653221617,0.991830535248279,0.981279842036927,0.95543226468844,0.995147285053235,0.999258984707427,0.977041416255224,0.99071076688057,0.984824612848546,0.99420284970341,0.997028225226904,0.997142851303588,0.983738753675929,0.982377474387216,0.988354770289338,0.98593043544127,0.892159123470637,0.872680255012958,0.983294192945081,0.968293792067426,0.942138241752151,0.966376892066786,0.942215359762651,0.983167476767313,0.986216243217565,0.937042571331636,0.960825865721243,0.97353616134691,0.981165922341466,0.85235421855294,0.946656916317601,0.89720975097432,0.8687133248351,0.894427190999916,0.853029644542372,0.983888474208518,0.981770254372143,0.982258522122025,0.962334118963751,0.974527650716917,0.914152152162522,0.856690217438585,0.955467043601106,0.982659823565118,0.976377618041323,0.939428388704361,0.954073587443029,0.98897430474133,0.955405084152367,0.984035462702033,0.92527042324142,0.835613983166255,0.968586536834139,0.977525219907679,0.928312827597655,0.977836583260027,0.921472965439303,0.898627498329056,0.915540705715196,0.882969568195112,0.861602041897894,0.968385948821823,0.877189305591622,0.951261864812569,0.937460461453346,0.920108217381629,0.976942144866294,0.991606108680275,0.954456642606013,0.930463158481356,0.913415764156146,0.971072837711132,0.926166524517986,0.93323201071095
0.725641362485577,0.881638324764308,0.924416277737175,0.925124778533067,0.75111576618868,0.943851395733003,0.89712939410827,0.834321652237424,0.807884446752971,0.990175200343001,0.896377961454687,0.699543924373345,0.892516699980429,0.883595348980935,0.901881540663913,0,0.987345973307187,0.870338612839034,0.855110444815388,0.794250912509788,0.915890507477148,0.984295954940475,0.651199009808783,0.949853789918334,0.806271174259732,0.781579409261087,0.948286939855628,0.94935209143499,0.903871613993228,0.905799338123451,0.914811145878817,0.740902267652601,0.835395233631736,0.933353341122082,0.906298119336423,0.900080511696721,0.879745472172709,0.933679776514435,0.855763300841809,0.847485719171064,0.918987385727383,0.994381978018147,0.812750503095316,0.992641548295133,0.995741641406341,0.988182746004369,0.839231233864074,0.900191550497008,0.868375544886267,0.872054494808764,0.881457843591601,0.997097236256688,0.884875444541235,0.839231233864074,0.876674940878924,0.991017782086339,0.88995662367488,0.888482008225281,0.854506177084718,0.853409195300264,0.908136908003502,0.994285667504057,0.85802948962554,0.890563556561721,0.992234262979312,0.824730368169004,0.89221220455698,0.993911663346989,0.993641758211666,0.876077152622555,0.991018816350318,0.993712826252382,0.994730862841547,0.990280143143728,0.984422723690429,0.993513445061133,0.99075480923614,0.99927509957853,0.989743318610787,0.991996961192167,0.993788759783088,0.989871184165046,0.936613852653288,0.961294747328246,0.988320767282612,0.95646805001012,0.917928424547684,0.988587358071611,0.973369121889249,0.987345973307187,0.972038281277161,0.982231107190471,0.957819094306131,0.912173814961979,0.98961550259442,0.956751674086551,0.963519997984917,0.948220864048848,0.957179806419976,0.902120992388672,0.942300925651014,0.984519189144713,0.983881728570032,0.986774991616818,0.980753196703725,0.924275778264104,0.937228739964656,0.98203231331126,0.976767154481596,0.956892978226479,0.911652955411823,0.977749420964937,0.884086644736984,0.992737739773731,0.927298229211997,0.988691683174189,0.896336322715309,0.962250448649376,0.995512318416705,0.978557999086287,0.929212636239961,0.943289943955382,0.906962317387713,0.917183529475397,0.987059124007126,0.934627953661084,0.962555436481303,0.987439471927029,0.975863712357863,0.950577257408444,0.925481157751391,0.964901281354015,0.984414630604632,0.994907205889531,0.975447517911504,0.988023520059354,0.922422583359706,0.990507269616327,0.902948124376653,0.920413804792389
